# 無色
$UNIT1{
# [0:2] ID
8F 42 00 00 

# [4] 位置
0A 

# ? 待拆
00 00 01 5C 27 30 01 00 00 00 00 0A 00 00 00 00 00 00 00 71 00 00 00 00 00 00 00 00 00 00 00 00 00 00 00 00 00 00 00 00 00 00 00 00 00 00 00 00 00 00 00 00 00 00 00 00 00 00 00 00 00 00 00 00 00 00 00 00 00 00 00 C8 44 

# [78:82] 出戰場數
29 00 00 00 

# [82:86] 外掛技能
00 00 00 00 

# ? 待拆
E2 07 0C 00 1D 00 10 00 0A 00 3A 00 C0 85 5D 20 00 00 00 00 00 00 00 00 00 00 00 00 00 00 00 00 00 00 00 00 00 00 00 00 00 00 00 00 00 00 

# [132:136] 經驗
FD 40 00 00 

# [136:146] 組件
03 01 21 77 1A 77 17 77 

# ? 待拆
00 00 01 00 

# [148:153] 合成
05 02 21 21 18 
}

# 黑色 + 拋光
$UNIT1{
# [0:2] ID
8F 42 00 00 

# [4] 位置
07 

# ? 待拆
00 00 01 93 4A F5 00 00 00 00 00 0C 00 00 00 00 00 00 00 C3 00 00 00 00 00 00 00 00 00 00 00 00 00 00 00 00 00 00 00 00 00 01 00 01 00 01 00 01 00 01 00 3F 03 64 00 D2 AA 03 00 D2 AA 03 00 DA A9 03 00 00 00 00 00 7A 44 

# [78:82] 出戰場數
66 00 00 00 

# [82:86] 外掛技能
00 00 00 00 

# ? 待拆
E2 07 0C 00 17 00 09 00 09 00 1D 00 40 6B ED 07 00 00 00 00 00 00 00 00 00 00 00 00 00 00 00 00 00 00 00 00 00 00 00 00 00 00 00 00 00 00 

# [132:136] 經驗
00 00 00 00 

# [136:146] 組件
03 01 32 77 31 77 2A 77 

# ? 待拆
00 00 02 00 

# [148:153] 合成
05 02 21 21 18
}

# 初始頁面
$UNIT2{

# [0:2] ID
8F 42 00 00 

# ? 待拆
1A 14 88 00 00 00 00 00 

# [12] 位置
01 

# ? 待拆
00 0C 

# [15] 技能
# [16] 戰艦
# [17] 上鎖
00 00 00 

# ? 待拆
00 00 00 48 43 

# [23:25] 合成
05 03
}


$UserInfo001{
A6 06 85 35 00 00 00 00 

# [8:25] 玩家名稱, max 16 Byte
10 4A 61 63 6B 30 31 32 33 34 35 36 37 38 39 30 31 


00 00 00 00 00 00 00 00 00 00 00 00 00 00 0D 00 00 00 01 00 00 00 15 B9 13 00 86 30 00 00 

# [55:59] GP數量, uint32LE
F6 C2 01 00 

C0 5D 00 00 01 0A 00 00 00 00 00 00 00 00 01 00 00 00 00 00 00 00 

# [81:83] 出擊機體ID
8F 42 00 00 

# [85] 出擊機體位置
01 

00 01 01 19 F3 99 01 00 00 00 00 01 00 00 00 00 00 00 00 00 00 00 00 00 00 00 00 00 00 00 00 00 00 00 00 00 00 00 00 00 00 00 00 00 00 00 00 00 00 00 00 00 00 00 00 00 00 00 00 00 00 00 00 00 00 00 00 00 00 00 00 FA 44 00 00 00 00 00 00 00 00 E3 07 01 00 0E 00 0C 00 1D 00 2C 00 C0 7A F2 04 00 00 00 00 00 00 00 00 00 00 00 00 00 00 00 00 00 00 00 00 00 00 00 00 63 0F 03 00 00 00 00 00 00 00 03 01 00 00 00 00 00 00 00 00 00 00 00 00 00 00 00 FA 56 00 00 00 00 00 00 61 EA 00 00 91 76 12 00 01 00 00 01 63 00 00 00 00 00 00 00 00 00 00 00 00 00 00 00 00 E2 07 0C 00 02 00 0C 00 04 00 33 00 40 BD A9 17 00 00 00 00 00 00 00 00 00 00 00 00 00 00 00 00 00 00 00 00 00 00 00 00 01 00 00 23 0B 04 00 00 00 00 00 04 00 4E C7 00 00 BF 00 4D 24 14 00 E5 1D 00 00 00 00 00 00 85 35 00 00 B5 1E 04 00 33 C1 1D 00 00 80 D4 44 04 00 00 00 1A 14 88 00 00 00 00 00 B1 3A 00 00 C5 3A 00 00 00 00 00 00 00 00 00 00 87 CC DD 00 00 00 00 00 1A 14 88 00 00 00 00 00 00 00 00 00 00 00 00 00 00 00 00 00 00 00 00 00 00 00 00 00 B1 3A 00 00 11 00 01 01 87 CC DD 00 00 00 00 00 09 00 00 00 00 00 00 00 2C 00 00 00 00 00 00 00 00 00 00 00 00 00 00 00 00 00 00 00 00 00 8C 31 80 01 80 01 39 67 01 00 80 65 00 00 00 00 00 00 00 00 00 00 00 00 00 00 00 00 00 00 00 00 14 00 00 00 00 00 00 00 E2 07 0C 00 14 00 09 00 0D 00 10 00 C0 45 1B 11 00 00 00 00 00 00 00 00 00 00 00 00 00 00 00 00 00 00 00 00 00 00 00 00 00 00 00 00 01 00 EC 09 00 00 03 01 28 77 30 77 26 77 00 00 01 00 00 00 00 00 00 C5 3A 00 00 01 00 01 01 1A 14 88 00 00 00 00 00 0C 00 00 00 00 00 00 00 F1 00 00 00 00 00 00 00 00 00 00 00 00 00 00 00 00 00 00 00 00 00 DF 7B E8 18 AF 29 E8 18 5E 57 7F 63 3C 00 6C AA 03 00 65 AA 03 00 63 AA 03 00 00 00 00 00 48 43 7A 00 00 00 00 00 00 00 E2 07 0C 00 0A 00 09 00 2B 00 0B 00 C0 55 70 33 00 00 00 00 00 00 00 00 00 00 00 00 00 00 00 00 00 00 00 00 00 00 00 00 00 00 00 00 01 00 00 00 00 00 03 01 32 77 31 77 30 77 00 00 01 00 00 00 00 00 00 00 00 00 00 00 00 00 00 00 00 00 00 00 00 00 00 00 00 00 00 00 00 00 00 00 00 00 00 00 00 00 00 00 00 00 00 00 00 00 00 00 00 00 00 00 00 00 00 00 00 00 00 00 00 00 00 00 00 00 00 00 00 00 00 00 00 00 00 00 00 00 00 00 00 00 00 00 00 00 00 00 00 00 00 00 00 00 00 00 00 00 00 00 00 00 00 00 00 00 00 00 00 00 00 00 00 00 00 00 00 00 00 00 00 00 00 00 00 00 00 00 00 00 00 00 00 00 00 00 00 00 00 00 00 00 00 00 00 00 00 00 00 00 00 00 00 00 00 00 00 00 00 00 00 00 00 00 00 00 00 00 00 00 00 00 00 00 00 00 00 00 00 00 00 00 00 00 00 00 00 00 00 00 00 00 00 00 00 00 00 00 00 00 00 00 00 00 00 00 00 00 00 00 00 00 00 00 00 00 00 00 00 00 00 00 00 00 00 00 00 00 00 00 00 00 00 00 00 00 00 00 00 00 00 00 00 00 00 00 00 00 00 00 00 00 00 00 00 00 00 00 00 00 00 00 00 00 00 00 00 00 00 00 00 00 00 00 00 00 00 00 00 00 00 00 00 00 00 00 00 00 00 00 00 00 00 00 00 00 00 00 00 00 00 00 00 00 00 00 00 00 00 00 00 00 00 00 00 00 00 00 00 00 00 00 00 00 00 00 00 00 00 00 00 00 00 00 00 00 00 00 00 00 00 00 00 00 3A 00 00 00 E8 03 00 00
}

$UserInfo002{
24 06 7E 08 01 00 03 00 00 00

# [10:10+17], [10:27] 玩家名稱, max 16 Byte
10 30 31 32 33 34 35 36 37 38 39 31 32 33 34 35 36 00

08 AE 08 35 19 16 01 F9 03 00 00 00 00 00 00 00 00 00 00 00 00 00 00 00 00 00 00 00 00 00 00 00 0C 00 00 00 02 00 00 00 

# [68:72] 官階經驗
E9 88 0D 00 50 46 00 00 0C 00 00 00 00 00 00 00 00 00 00 00 00 00 00 00 00 00 00 00 E8 03 00 00 00 00 00 00 00 00 00 00 00 00 00 00 00 00 00 00 00 00 

# [118:120] 出擊機體ID
8F 42 00 00 

00 00 00 00 00 00 00 00 00 00 00 00 0D 00 00 00 00 00 00 00 20 00 00 00 00 00 00 00 00 00 00 00 00 00 00 00 00 00 00 00 00 00 00 00 00 00 00 00 00 00 00 00 00 00 00 00 00 00 00 00 00 00 00 00 00 00 00 00 00 00 00 00 FA 44 13 00 00 00 FF 24 01 00 00 00 00 00 00 00 00 00 00 00 00 00 00 00 00 00 F4 AE 08 35 19 16 01 C4 0A AA 34 00 00 10 00 05 42 B3 11 00 01 00 00 00 00 00 00 00 00 00 00 00 00 00 04 00 14 77 20 77 22 77 23 77 01 00 00 00 00 00 00 7C EA 00 00
}



