
31 04 F0 03 
A6 06 85 35 00 00 00 00 

// [4]"Jack"
04 4A 61 63 6B 00 00 00 00 00 00 00 00 00 00 00 00 00 00 00 00 00 00 00 00 00 00 00 00 00 00 0D 00 00 00 01 00 00 00 15 B9 13 00 86 30 00 00 

// GP, uint16 or uint32
F5 C2 00 00 C0 5D 00 00 01 0A 00 00 00 00 00 00 00 00 01 00 00 00 00 00 00 00 

// "75 42" 出擊機體!!!
// "20" 位置
8F 42 00 00 20 00 01 01 19 F3 99 01 00 00 00 00 01 00 00 00 00 00 00 00 00 00 00 00 00 00 00 00 00 00 00 00 00 00 00 00 00 00 00 00 00 00 00 00 00 00 00 00 00 00 00 00 00 00 00 00 00 00 00 00 00 00 00 00 00 00 00 00 00 00 00 00 FA 44 00 00 00 00 00 00 00 00 E3 07 01 00 0E 00 0C 00 1D 00 2C 00 C0 7A F2 04 00 00 00 00 00 00 00 00 00 00 00 00 00 00 00 00 00 00 00 00 00 00 00 00 63 0F 03 00 00 00 00 00 00 00 03 01 00 00 00 00 00 00 00 00 00 00 00 00 00 00 00 FA 56 00 00 00 00 00 00 61 EA 00 00 91 76 12 00 01 00 00 01 63 00 00 00 00 00 00 00 00 00 00 00 00 00 00 00 00 E2 07 0C 00 02 00 0C 00 04 00 33 00 40 BD A9 17 00 00 00 00 00 00 00 00 00 00 00 00 00 00 00 00 00 00 00 00 00 00 00 00 01 00 00 23 0B 04 00 00 00 00 00 04 00 4E C7 00 00 BF 00 4D 24 14 00 E5 1D 00 00 00 00 00 00 85 35 00 00 B5 1E 04 00 33 C1 1D 00 00 80 D4 44 04 00 00 00 1A 14 88 00 00 00 00 00 B1 3A 00 00 C5 3A 00 00 00 00 00 00 00 00 00 00 87 CC DD 00 00 00 00 00 1A 14 88 00 00 00 00 00 00 00 00 00 00 00 00 00 00 00 00 00 00 00 00 00 00 00 00 00 B1 3A 00 00 11 00 01 01 87 CC DD 00 00 00 00 00 09 00 00 00 00 00 00 00 2C 00 00 00 00 00 00 00 00 00 00 00 00 00 00 00 00 00 00 00 00 00 8C 31 80 01 80 01 39 67 01 00 80 65 00 00 00 00 00 00 00 00 00 00 00 00 00 00 00 00 00 00 00 00 14 00 00 00 00 00 00 00 E2 07 0C 00 14 00 09 00 0D 00 10 00 C0 45 1B 11 00 00 00 00 00 00 00 00 00 00 00 00 00 00 00 00 00 00 00 00 00 00 00 00 00 00 00 00 01 00 EC 09 00 00 03 01 28 77 30 77 26 77 00 00 01 00 00 00 00 00 00 C5 3A 00 00 01 00 01 01 1A 14 88 00 00 00 00 00 0C 00 00 00 00 00 00 00 F1 00 00 00 00 00 00 00 00 00 00 00 00 00 00 00 00 00 00 00 00 00 DF 7B E8 18 AF 29 E8 18 5E 57 7F 63 3C 00 6C AA 03 00 65 AA 03 00 63 AA 03 00 00 00 00 00 48 43 7A 00 00 00 00 00 00 00 E2 07 0C 00 0A 00 09 00 2B 00 0B 00 C0 55 70 33 00 00 00 00 00 00 00 00 00 00 00 00 00 00 00 00 00 00 00 00 00 00 00 00 00 00 00 00 01 00 00 00 00 00 03 01 32 77 31 77 30 77 00 00 01 00 00 00 00 00 00 00 00 00 00 00 00 00 00 00 00 00 00 00 00 00 00 00 00 00 00 00 00 00 00 00 00 00 00 00 00 00 00 00 00 00 00 00 00 00 00 00 00 00 00 00 00 00 00 00 00 00 00 00 00 00 00 00 00 00 00 00 00 00 00 00 00 00 00 00 00 00 00 00 00 00 00 00 00 00 00 00 00 00 00 00 00 00 00 00 00 00 00 00 00 00 00 00 00 00 00 00 00 00 00 00 00 00 00 00 00 00 00 00 00 00 00 00 00 00 00 00 00 00 00 00 00 00 00 00 00 00 00 00 00 00 00 00 00 00 00 00 00 00 00 00 00 00 00 00 00 00 00 00 00 00 00 00 00 00 00 00 00 00 00 00 00 00 00 00 00 00 00 00 00 00 00 00 00 00 00 00 00 00 00 00 00 00 00 00 00 00 00 00 00 00 00 00 00 00 00 00 00 00 00 00 00 00 00 00 00 00 00 00 00 00 00 00 00 00 00 00 00 00 00 00 00 00 00 00 00 00 00 00 00 00 00 00 00 00 00 00 00 00 00 00 00 00 00 00 00 00 00 00 00 00 00 00 00 00 00 00 00 00 00 00 00 00 00 00 00 00 00 00 00 00 00 00 00 00 00 00 00 00 00 00 00 00 00 00 00 00 00 00 00 00 00 00 00 00 00 00 00 00 00 00 00 00 00 00 00 00 00 00 00 00 00 00 00 00 00 00 00 00 00 00 00 00 00 00 00 00 00 00 00 00 00 00 3A 00 00 00 E8 03 00 00

GP 49909 C2F5
F5 C2

官階經驗 887017 0D88E9
E9880D
E9 88 0D


人名 Jack
4A61636B 
4A 61 63 6B 

