p3
"9D 03 F0 03 
			26 08 85 35 00 00 06 
			21 2B 00 00 0D 00 00 01 B1 F8 05 01 00 00 00 00 0C 00 00 00 00 00 00 00 95 00 00 00 00 00 00 00 00 00 00 00 00 00 00 00 00 00 00 00 00 00 CD 31 CD 31 92 46 4A 25 6D 42 EB 4E 00 00 C1 A9 03 00 C2 A9 03 00 C3 A9 03 00 00 00 00 80 BB 44 37 00 00 00 00 00 00 00 E2 07 0C 00 19 00 12 00 1E 00 06 00 00 1C 4E 0E 00 00 00 00 00 00 00 00 00 00 00 00 00 00 00 00 00 00 00 00 00 00 00 00 00 00 00 00 00 00 00 00 00 00 03 01 05 77 0F 77 0A 77 00 00 02 00 01 02 1A 1B 04 
			B4 36 00 00 0E 00 00 01 9F 5D 1E 00 00 00 00 00 0C 00 00 00 00 00 00 00 32 01 00 00 00 00 00 00 00 00 00 00 00 00 00 00 00 00 00 00 00 00 9F 4D 9F 4D 00 00 9F 4D 00 00 1F 7C 00 00 C2 A9 03 00 00 00 00 00 00 00 00 00 00 00 00 00 AF 44 63 00 00 00 00 00 00 00 E2 07 0C 00 02 00 15 00 0F 00 34 00 40 D9 F7 25 00 00 00 00 00 00 00 00 00 00 00 00 00 00 00 00 00 00 00 00 00 00 00 00 00 00 00 00 00 00 00 00 00 00 03 01 12 77 0E 77 45 77 00 00 03 00 00 00 00 00 00 
			DB 32 00 00 0F 00 00 01 3D 96 4F 00 00 00 00 00 07 00 00 00 00 00 00 00 0C 00 00 00 00 00 00 00 00 00 00 00 00 00 00 00 00 00 00 00 00 00 00 00 00 00 00 00 00 00 00 00 00 00 00 00 00 00 00 00 00 00 00 00 00 00 00 00 00 00 00 00 00 00 0E 00 00 00 00 00 00 00 E2 07 0C 00 05 00 16 00 0E 00 0D 00 80 1A 70 18 00 00 00 00 00 00 00 00 00 00 00 00 00 00 00 00 00 00 00 00 00 00 00 00 00 00 00 00 00 00 FC 07 00 00 03 01 05 77 10 77 08 77 00 00 01 00 00 00 00 00 00 
			79 42 00 00 10 00 00 01 6B EC 93 01 00 00 00 00 08 00 00 00 00 00 00 00 20 00 00 00 00 00 00 00 00 00 00 00 00 00 00 00 00 00 00 00 00 00 0B 21 E8 18 AF 29 E8 18 0B 21 A5 20 00 00 00 00 00 00 00 00 00 00 00 00 00 00 00 00 00 00 E1 44 0E 00 00 00 00 00 00 00 E3 07 01 00 0D 00 0D 00 00 00 1B 00 80 52 0C 35 00 00 00 00 00 00 00 00 00 00 00 00 00 00 00 00 00 00 00 00 00 00 00 00 00 00 00 00 00 00 FF 08 00 00 03 01 05 77 08 77 04 77 00 00 01 00 00 00 00 00 00 
			B1 3A 00 00 11 00 00 01 87 CC DD 00 00 00 00 00 09 00 00 00 00 00 00 00 2C 00 00 00 00 00 00 00 00 00 00 00 00 00 00 00 00 00 00 00 00 00 8C 31 80 01 80 01 39 67 01 00 80 65 00 00 00 00 00 00 00 00 00 00 00 00 00 00 00 00 00 00 00 00 14 00 00 00 00 00 00 00 E2 07 0C 00 14 00 09 00 0D 00 10 00 C0 45 1B 11 00 00 00 00 00 00 00 00 00 00 00 00 00 00 00 00 00 00 00 00 00 00 00 00 00 00 00 00 01 00 EC 09 00 00 03 01 28 77 30 77 26 77 00 00 01 00 00 00 00 00 00 
			ED 2E 00 00 12 00 00 01 C9 88 15 00 00 00 00 00 0A 00 00 00 00 00 00 00 83 00 00 00 00 00 00 00 00 00 00 00 00 00 00 00 00 00 00 00 00 00 FF 7F C2 64 C2 64 A3 72 C2 64 63 7F 00 00 6E AA 03 00 6E AA 03 00 D6 A9 03 00 00 00 00 00 E1 44 28 00 00 00 00 00 00 00 E2 07 0C 00 02 00 11 00 3A 00 1B 00 80 74 D2 1A 00 00 00 00 00 00 00 00 00 00 00 00 00 00 00 00 00 00 00 00 00 00 00 00 00 00 00 00 00 00 80 0B 00 00 03 01 05 77 06 77 08 77 00 00 01 00 00 00 00 00 00")

p2
"9D 03 F0 03 
			26 08 85 35 00 00 06 
			A4 60 00 00 07 00 00 01 93 4A F5 00 00 00 00 00 0C 00 00 00 00 00 00 00 C3 00 00 00 00 00 00 00 00 00 00 00 00 00 00 00 00 00 00 00 00 00 01 00 01 00 01 00 01 00 01 00 3F 03 64 00 D2 AA 03 00 D2 AA 03 00 DA A9 03 00 00 00 00 00 7A 44 66 00 00 00 00 00 00 00 E2 07 0C 00 17 00 09 00 09 00 1D 00 40 6B ED 07 00 00 00 00 00 00 00 00 00 00 00 00 00 00 00 00 00 00 00 00 00 00 00 00 00 00 00 00 00 00 00 00 00 00 03 01 32 77 31 77 2A 77 00 00 02 00 04 02 21 21 18 
			EF 3A 00 00 08 00 00 01 D1 2D 08 01 00 00 00 00 0C 00 00 00 00 00 00 00 50 00 00 00 00 00 00 00 00 00 00 00 00 00 00 00 00 00 00 00 00 00 FF 7F C2 64 C2 64 A3 72 C2 64 63 7F 00 00 C1 A9 03 00 C3 A9 03 00 C2 A9 03 00 00 00 00 80 D4 44 31 00 00 00 00 00 00 00 E2 07 0C 00 19 00 15 00 0E 00 31 00 C0 55 70 33 00 00 00 00 00 00 00 00 00 00 00 00 00 00 00 00 00 00 00 00 00 00 00 00 00 00 00 00 00 00 00 00 00 00 03 01 04 77 08 77 00 00 00 00 00 00 00 00 00 00 00 
			96 3E 00 00 09 00 00 01 C6 4E 08 01 00 00 00 00 02 00 00 00 00 00 00 00 01 00 00 00 00 00 00 00 00 00 00 00 00 00 00 00 00 00 00 00 00 00 84 5C 40 7F 80 65 80 65 84 5C E0 7F 00 00 00 00 00 00 00 00 00 00 00 00 00 00 00 00 00 00 FA 44 01 00 00 00 00 00 00 00 E2 07 0C 00 19 00 15 00 17 00 0A 00 40 B7 28 03 00 00 00 00 00 00 00 00 00 00 00 00 00 00 00 00 7D 65 11 00 01 00 00 00 00 00 00 00 00 00 5C 01 00 00 02 01 14 77 18 77 00 00 00 00 00 00 00 00 00 00 00 
			8F 42 00 00 0A 00 00 01 5C 27 30 01 00 00 00 00 0A 00 00 00 00 00 00 00 71 00 00 00 00 00 00 00 00 00 00 00 00 00 00 00 00 00 00 00 00 00 00 00 00 00 00 00 00 00 00 00 00 00 00 00 00 00 00 00 00 00 00 00 00 00 00 00 00 00 00 00 C8 44 29 00 00 00 00 00 00 00 E2 07 0C 00 1D 00 10 00 0A 00 3A 00 C0 85 5D 20 00 00 00 00 00 00 00 00 00 00 00 00 00 00 00 00 00 00 00 00 00 00 00 00 00 00 00 00 00 00 FD 40 00 00 03 01 21 77 1A 77 17 77 00 00 01 00 00 00 00 00 00 
			80 42 00 00 0B 00 00 01 39 23 39 01 00 00 00 00 0B 00 00 00 00 00 00 00 1A 00 00 00 00 00 00 00 00 00 00 00 00 00 00 00 00 00 00 00 00 00 00 00 00 00 00 00 00 00 00 00 00 00 00 00 00 00 00 00 00 00 00 00 00 00 00 00 00 00 00 00 E1 44 1A 00 00 00 00 00 00 00 E2 07 0C 00 1E 00 10 00 0D 00 11 00 40 95 62 1D 00 00 00 00 00 00 00 00 00 00 00 00 00 00 00 00 00 00 00 00 00 00 00 00 00 00 00 00 00 00 8A 31 00 00 03 01 24 77 28 77 00 00 00 00 00 00 00 00 00 00 00 
			07 28 00 00 0C 00 00 01 3D 0C 55 01 00 00 00 00 0A 00 00 00 00 00 00 00 19 00 00 00 00 00 00 00 00 00 00 00 00 00 00 00 00 00 00 00 00 00 00 00 00 00 00 00 00 00 00 00 00 00 00 00 00 00 00 00 00 00 00 00 00 00 00 00 00 00 00 00 00 00 14 00 00 00 00 00 00 00 E3 07 01 00 03 00 15 00 38 00 39 00 00 8F 42 33 00 00 00 00 00 00 00 00 00 00 00 00 00 00 00 00 3F 90 11 00 01 00 00 00 2C 14 00 00 00 00 4F 14 00 00 04 01 0A 77 10 77 0F 77 45 77 01 00 00 00 00 00 00")

p1
"9D 03 F0 03 
			26 08 85 35 00 00 06 

			IJ, 3c, 200/2000
			C5 3A 00 00 01 00 00 01 1A 14 88 00 00 00 00 00 0C 00 00 00 00 00 00 00 F1 00 00 00 00 00 00 00 00 00 00 00 00 00 00 00 00 00 00 00 00 00 DF 7B E8 18 AF 29 E8 18 5E 57 7F 63 3C 00 6C AA 03 00 65 AA 03 00 63 AA 03 00 00 00 00 00 48 43 7A 00 00 00 00 00 00 00 E2 07 0C 00 0A 00 09 00 2B 00 0B 00 C0 55 70 33 00 00 00 00 00 00 00 00 00 00 00 00 00 00 00 00 00 00 00 00 00 00 00 00 00 00 00 00 01 00 00 00 00 00 03 01 32 77 31 77 30 77 00 00 01 00 00 00 00 00 00 

			SSB, 2c, 1900/2000
			26 4E 00 00 02 00 00 01 D5 0B 9F 00 00 00 00 00 0C 00 00 00 00 00 00 00 16 01 00 00 00 00 00 00 00 00 00 00 00 00 00 00 00 00 00 00 00 00 CD 31 CD 31 92 46 4A 25 6D 42 A2 77 00 00 00 00 00 00 00 00 00 00 00 00 00 00 00 00 00 80 ED 44 74 00 00 00 00 00 00 00 E2 07 0C 00 0D 00 15 00 0E 00 32 00 80 EA 82 2B 00 00 00 00 00 00 00 00 00 00 00 00 00 00 00 00 9C 17 11 00 01 00 00 00 81 05 00 00 00 00 00 00 00 00 [02] 01 07 77 12 77 00 00 00 00 02 00 05 02 2A 2C 22 

			命運, 3c, 1600/2000
			9B 3E 00 00 03 00 00 01 59 B1 AB 00 00 00 00 00 0C 00 00 00 00 00 00 00 58 00 00 00 00 00 00 00 00 00 00 00 00 00 00 00 00 00 00 00 00 00 FF 7F C2 64 C2 64 A3 72 C2 64 63 7F 3C 00 00 00 00 00 00 00 00 00 00 00 00 00 00 00 00 00 C8 44 32 00 00 00 00 00 00 00 E2 07 0C 00 0E 00 0C 00 39 00 17 00 40 3E BC 06 00 00 00 00 00 00 00 00 00 00 00 00 00 00 00 00 00 00 00 00 00 00 00 00 00 00 00 00 00 00 00 00 00 00 03 01 04 77 08 77 00 00 00 00 00 00 00 00 00 00 00 

			nu, 3c, 800/2000
			28 4E 00 00 04 00 00 01 99 7E BF 00 00 00 00 00 0C 00 00 00 00 00 00 00 8E 00 00 00 00 00 00 00 00 00 00 00 00 00 00 00 00 00 00 00 00 00 00 00 DC 42 00 00 3F 03 00 00 00 00 00 00 00 00 00 00 00 00 00 00 00 00 00 00 00 00 00 00 48 44 37 00 00 00 00 00 00 00 E2 07 0C 00 0F 00 16 00 21 00 33 00 80 C0 0D 16 00 00 00 00 00 00 00 00 00 00 00 00 00 00 00 00 00 00 00 00 00 00 00 00 00 00 00 00 00 00 00 00 00 00 03 01 22 77 47 77 21 77 00 00 02 00 00 00 00 00 00 

			FA-ZZ, 3c, 1900/2000
			F2 2E 00 00 05 00 00 01 B7 6C E5 00 00 00 00 00 0B 00 00 00 00 00 00 00 58 00 00 00 00 00 00 00 00 00 00 00 00 00 00 00 00 00 00 00 00 00 FF 7F C2 64 C2 64 A3 72 C2 64 63 7F 00 00 00 00 00 00 00 00 00 00 00 00 00 00 00 00 00 80 ED 44 37 00 00 00 00 00 00 00 E2 07 0C 00 15 00 0D 00 2B 00 24 00 C0 DA D5 1B 00 00 00 00 00 00 00 00 00 00 00 00 00 00 00 00 00 00 00 00 00 00 00 00 00 00 00 00 00 00 8E 3A 00 00 03 01 09 77 10 77 0A 77 00 00 01 00 00 00 00 00 00 

			F91, 3c, 1800/2000
			41 27 00 00 06 00 00 01 78 5F D8 00 00 00 00 00 0C 00 00 00 00 00 00 00 98 00 00 00 00 00 00 00 00 00 00 00 00 00 00 00 00 00 00 00 00 00 FF 7F C2 64 C2 64 A3 72 C2 64 63 7F 3C 00 71 AA 03 00 6C AA 03 00 D2 AA 03 00 00 00 00 00 E1 44 47 00 00 00 00 00 00 00 E2 07 0C 00 13 00 07 00 14 00 1C 00 00 E9 A4 35 00 00 00 00 00 00 00 00 00 00 00 00 00 00 00 00 00 00 00 00 00 00 00 00 00 00 00 00 00 00 00 00 00 00 03 01 50 77 32 77 4A 77 00 00 02 00 00 00 00 00 00")

機動12/衝跳:	32 77
機動8/降索:	31 77
機動3/ZZ:	30 77
機動8/V降:	50 77
機動10/遠射速:	4A 77

攻擊2/遠彈:	07 77
攻擊12/爆擊: 12 77


