#ID	組件	合成數	合成數值(%數, 16進制)	等級	Exp	場數
402B	4D301020	2	00323232	13	0	6
402B	30303030	2	00323232	12	10	66
AB3A	30303030	5	00323232	11	20	100
9860	4D301020	3	00323232	10	30	6666
9860	30303030	3	00323232	9	40	66666
AB3A	30501020	4	00323232	8	50	666666
#
0228	4D303030	5	022A2C22	7	60
F127	30303030	4	02FFFFFF	6	70
3A56	30303030	3	022A2C22	5	80
9A60	30303030	2	022A2C22	4	90
FE27	30303030	1	022A2C22	3	100
2F56	30303030	0	022A2C22	2	110
#
0228	4D301020	5	00000000	1
F127	4D301020	4	00000000	13
3A56	4D301020	3	00000000	13
9A60	4D301020	2	00000000	13
FE27	4D301020	1	00000000	13
2F56	4D301020	0	00000000	13
#
8D3E	4D300E3E	5	00646464
8D3E	4D303635	5	00646464
8D3E	30282625	5	00646464
9A60	30303030	0	00000000
925E	4D303638	0	00000000
3056	30303030	0	00000000
#
6156	4D301020
8642	4D301020
2852	4D301020
424E	4D301020
2352	4D301020
3B56	4D301020
#
0B2F	4D363830	1	00646464
4A56	4D363830	1	00646464
5556	4D363830	1	00646464
FF2E	4D363830	1	00646464
1552	4D363830	1	00646464
4056	4D363830	1	00646464


