change key map:
58 0 240 3 44 6 0 0 0 0 17 1 31 1 32 1 30 1 16 1 18 1 57 1 19 1 29 1 0 2 1 2 42 1 2 2 15 1 2 1 3 1 4 1 5 1 6 1 47 1 0 0 0 0 0 0 0 0 0 0 0 0 
58 0 240 3 111 5 0 0 0 0 2 0 4 0 3 0 1 0 19 0 20 0 14 0 16 0 15 0 13 0 18 0 17 0 255 0 22 0 10 0 12 0 9 0 11 0 23 0 24 0 255 0 6 0 8 0 5 0 7 0 21 0 
58 0 240 3 44 6 0 0 0 0 17 1 31 1 32 1 30 1 16 1 18 1 57 1 42 1 29 1 0 2 1 2 33 1 2 2 15 1 2 1 3 1 4 1 5 1 6 1 46 1 0 0 0 0 0 0 0 0 0 0 0 0 
58 0 240 3 111 5 0 0 0 0 2 0 4 0 3 0 1 0 19 0 20 0 14 0 16 0 15 0 13 0 18 0 17 0 255 0 22 0 10 0 12 0 9 0 11 0 23 0 24 0 255 0 6 0 8 0 5 0 7 0 21 0


進入練習&用月餅*2&退出練習:
6 0 240 3 34 10 0 0 0 0 
6 0 240 3 96 8 0 0 0 0 
6 0 240 3 235 7 0 0 0 0 
6 0 240 3 135 10 0 0 0 0 
6 0 240 3 105 8 0 0 0 0 
6 0 240 3 37 6 0 0 0 0 
2 0 240 3 14 8 


機體ID:
S權天使: 5F 56
SR妖天使(R後): 5D 56
SR妖天使(R後): 5E 56



跳出登入視窗
2019/01/21 19:41:09 [pkt] [111][0002][03F0][2 0 240 3 111 31]
2019/01/21 19:41:11 [pkt] [107][0010][03F0][10 0 240 3 107 7 0 0 0 0 1 0 0 0]
2019/01/21 19:41:11 [pkt] [107][0010][03F0][10 0 240 3 107 7 0 0 0 0 1 0 0 0]

輸入帳密登入 11111111111 , 12
2019/01/21 19:41:28 [pkt] [041][0075][03F0][75 0 240 3 41 35 0 0 0 0 49 49 49 49 49 49 49 49 49 49 49 0 0 99 50 48 97 100 52 100 55 54 102 101 57 55 55 53 57 97 97 50 55 97 48 99 57 57 98 102 102 54 55 49 48 0 0 0 0 0 1 0 0 0 0 0 0 0 2 0 2 0 240 0 0 0 88 0 0]
2019/01/21 19:41:28 [login] [041][0075][03F0][75 0 240 3 41 35 0 0 0 0 49 49 49 49 49 49 49 49 49 49 49 0 0 99 50 48 97 100 52 100 55 54 102 101 57 55 55 53 57 97 97 50 55 97 48 99 57 57 98 102 102 54 55 49 48 0 0 0 0 0 1 0 0 0 0 0 0 0 2 0 2 0 240 0 0 0 88 0 0]

2019/01/21 19:41:28 [pkt] [067][0010][03F0][10 0 240 3 67 156 0 0 0 0 5 188 86 194]
2019/01/21 19:41:28 [pkt] [073][0006][03F0][6 0 240 3 73 156 0 0 0 0]
2019/01/21 19:41:32 [pkt] [077][0020][03F0][20 0 240 3 77 10 0 0 0 0 0 0 0 0 0 0 0 0 47 97 166 131 48 253]
2019/01/21 19:41:32 [pkt] [079][0012][03F0][12 0 240 3 79 5 0 0 0 0 192 168 1 101 11 185]
2019/01/21 19:41:32 [pkt] [071][0014][03F0][14 0 240 3 71 8 0 0 0 0 0 0 0 0 97 36 0 0]
2019/01/21 19:41:32 [pkt] [064][0006][03F0][6 0 240 3 64 7 0 0 0 0]
2019/01/21 19:41:32 [pkt] [232][0006][03F0][6 0 240 3 232 7 0 0 0 0]
2019/01/21 19:41:32 [pkt] [034][0006][03F0][6 0 240 3 34 7 0 0 0 0]
2019/01/21 19:41:32 [pkt] [053][0006][03F0][6 0 240 3 53 10 0 0 0 0]
2019/01/21 19:41:32 [pkt] [046][0006][03F0][6 0 240 3 46 10 0 0 0 0]

2019/01/21 19:41:32 [???] [062][0008][03F0][8 0 240 3 62 8 0 0 0 0 1 0]
2019/01/21 19:41:32 [???] [062][0008][03F0][8 0 240 3 62 8 0 0 0 0 2 0]
2019/01/21 19:41:32 [???] [032][0010][03F0][10 0 240 3 32 0 79 15 0 0 74 59 64 92]

2019/01/21 19:41:37 [pkt] [034][0006][03F0][6 0 240 3 34 10 0 0 0 0]

2019/01/21 19:41:37 [???] [060][0006][03F0][6 0 240 3 60 7 0 0 0 0]
2019/01/21 19:41:37 [???] [096][0006][03F0][6 0 240 3 96 8 0 0 0 0]
2019/01/21 19:41:37 [???] [219][0015][03F0][15 0 240 3 219 5 0 0 0 0 1 0 0 0 0 0 0 0 0]

2019/01/21 19:41:37 [pkt] [142][0010][03F0][10 0 240 3 142 6 0 0 0 0 0 0 0 0]

2019/01/21 19:41:37 [???] [151][0010][03F0][10 0 240 3 151 10 0 0 0 0 0 0 0 0]

2019/01/21 19:41:37 [pkt] [033][0010][03F0][10 0 240 3 33 6 0 0 0 0 0 0 0 0]

2019/01/21 19:41:37 [???] [092][0010][03F0][10 0 240 3 92 8 0 0 0 0 0 0 0 0]

2019/01/21 19:41:38 [pkt] [179][0010][03F0][10 0 240 3 179 8 0 0 0 0 0 0 0 0]
2019/01/21 19:41:38 [pkt] [179][0010][03F0][10 0 240 3 179 8 0 0 0 0 0 0 0 0]

2019/01/21 19:41:38 [pkt] [104][0014][03F0][14 0 240 3 104 6 0 0 0 0 1 0 0 0 0 0 0 0]

2019/01/21 19:41:38 [???] [219][0015][03F0][15 0 240 3 219 5 0 0 0 0 2 0 0 0 0 0 0 0 0]

2019/01/21 19:41:38 [pkt] [033][0010][03F0][10 0 240 3 33 6 0 0 0 0 225 21 0 0]
2019/01/21 19:41:38 [pkt] [179][0010][03F0][10 0 240 3 179 8 0 0 0 0 241 99 1 0]
2019/01/21 19:41:38 [pkt] [033][0010][03F0][10 0 240 3 33 6 0 0 0 0 33 28 0 0]
2019/01/21 19:41:38 [pkt] [144][0010][03F0][10 0 240 3 144 10 0 0 0 0 0 0 0 0]

2019/01/21 19:41:38 [???] [076][1575][03F0][39 6 240 3 76 156 0 0 0 0 19 17 177 0 143 139 38 159 0 177 17 19 220 93 6 19 32 153 33 19 224 142 229 6 96 93 6 19 190 156 80 100 72 153 33 19 40 91 6 19 24 115 246 236 0 177 17 19 100 241 211 101 116 16 46 100 255 78 238 236 255 78 238 236 5 177 17 19 32 177 17 19 16 177 61 19 80 91 6 19 0 177 17 19 8 177 17 19 0 177 17 19 42 177 17 19 8 177 27 19 128 16 46 100 0 177 17 19 255 78 238 19 67 177 43 19 124 177 66 19 68 177 86 19 79 177 109 19 71 177 65 19 97 177 114 19 107 177 85 19 97 177 101 19 97 177 63 19 122 177 97 19 107 177 17 19 0 177 17 19 0 177 17 19 0 177 17 19 0 177 17 19 0 177 17 19 0 177 17 19 0 177 17 19 0 177 17 19 0 177 17 19 0 177 17 19 0 177 17 19 0 177 17 19 34 11 32 115 129 146 58 115 193 223 33 72 0 177 17 19 128 21 54 0 48 21 54 0 0 177 17 19 128 21 54 0 0 177 17 19 0 177 17 19 0 177 17 19 0 177 17 19 0 177 17 19 0 177 17 19 0 177 17 19 0 177 17 19 0 177 17 19 0 177 17 19 0 177 17 19 0 177 17 19 0 177 17 19 77 122 163 19 6 179 17 19 6 179 17 19 203 179 17 19 203 179 17 19 224 16 248 19 12 93 6 19 48 90 6 19 211 174 197 120 211 177 4 203 201 228 181 72 121 90 6 19 80 90 6 19 220 16 248 19 12 93 6 19 80 90 6 19 211 174 197 120 0 134 4 203 201 228 181 72 77 122 163 19 208 99 198 19 2 179 17 19 6 179 17 19 208 99 198 19 2 179 17 19 128 72 6 19 0 177 17 19 128 72 6 19 130 93 6 19 6 179 17 19 76 93 6 19 76 93 6 19 0 177 17 19 254 175 75 115 0 177 17 19 24 239 62 22 24 239 62 22 128 72 6 19 254 175 75 115 6 179 17 19 80 66 6 19 130 179 17 19 134 179 17 19 80 66 6 19 0 177 17 19 254 78 238 236 5 177 17 19 0 177 17 19 69 93 6 19 132 228 181 72 201 228 181 72 237 119 161 19 2 179 17 19 2 179 17 19 237 119 161 19 128 72 6 19 37 93 6 19 57 58 206 19 211 187 17 19 211 187 17 19 211 187 17 19 0 177 17 19 24 2 0 0 16 2 0 0 161 98 112 1 44 5 16 0 0 0 224 5 44 5 0 0 0 0 48 119 95 22 72 0 44 5 96 1 44 5 176 109 143 22 64 4 44 5 254 255 255 255 160 235 160 18 1 0 0 0 244 238 23 0 74 119 146 98 109 255 151 22 152 237 137 22 1 0 0 0 160 235 160 18 7 0 0 0 1 0 0 0 56 239 23 0 252 138 146 98 16 88 101 22 96 167 39 19 152 237 137 22 1 0 0 0 87 17 14 0 0 0 0 0 1 0 0 0 1 0 0 0 8 0 0 0 153 237 137 22 204 239 23 0 0 0 0 0 152 237 137 22 96 167 39 19 16 88 101 22 143 55 145 98 214 23 3 68 152 237 137 22 116 239 23 0 218 90 162 98 224 236 137 22 0 78 14 0 0 0 169 4 0 0 0 0 248 59 0 0 255 7 0 0 0 0 81 22 72 254 137 22 127 7 0 0 0 78 14 0 0 0 169 4 0 0 0 0 248 59 0 0 255 7 0 0 0 0 81 22 72 254 137 22 127 7 0 0 96 178 134 22 216 73 169 4 133 40 0 0 220 239 23 0 120 66 66 119 0 0 169 4 184 187 151 0 0 0 0 0 0 0 169 4 0 0 0 0 184 187 151 22 0 0 0 0 130 8 0 138 180 240 23 0 72 254 137 22 96 178 134 22 72 254 137 22 0 59 0 0 0 0 169 4 0 0 0 0 184 187 151 22 212 240 23 0 49 48 63 119 56 1 169 4 13 48 63 119 107 95 235 119 0 0 0 0 0 0 169 4 208 123 152 22 15 0 0 0 0 0 169 4 216 73 169 4 248 239 23 0 1 0 0 0 0 0 0 0 52 240 23 0 167 1 134 98 9 189 151 22 0 0 169 4 216 73 169 4 40 17 144 98 3 0 0 0 7 28 135 98 64 2 0 0 48 12 169 4 0 0 0 0 0 0 0 0 0 0 169 4 136 240 23 0 3 0 0 0 133 197 249 116 216 7 0 0 216 7 0 0 116 240 23 0 0 0 0 0 64 39 144 98 9 0 0 0 64 2 0 0 132 240 23 0 247 77 134 98 60 12 169 4 196 240 23 0 0 0 0 0 9 0 0 0 189 80 134 98 219 112 48 91 0 0 0 0 40 17 144 98 175 1 134 98 133 40 0 0 0 0 0 0 0 0 169 4 16 88 101 22 12 241 23 0 10 171 1 1 221 0 151 1 146 0 0 0 80 241 23 0 205 77 67 119 223 102 194 0 96 74 101 22 1 0 0 0 8 88 101 22 244 240 23 0 195 224 62 119 0 0 0 0 0 0 169 4 96 167 39 19 8 88 101 22 8 241 23 0 60 0 67 3 135 1 0 0 49 113 48 91 228 236 23 0 48 241 23 0 16 138 39 19 1 0 0 0 88 167 39 19 48 241 23 0 195 224 62 119 96 167 39 19 0 173 239 19 96 167 39 19 88 167 39 19 68 241 23 0 173 20 194 118 0 0 169 4 0 0 0 0 96 167 39 19 88 241 23 0 203 1 134 98 0 0 169 4 0 0 0 0 96 167 39 19 104 241 23 0 222 94 145 98 96 167 39 19 32 147 46 5 112 243 23 0 203 185 161 98 96 167 39 19 32 147 46 5 22 241 51 91 48 114 224 19 0 173 239 19 232 185 161 98 0 4 0 0 101 234 0 0 3 0 0 0 2 0 0 0 2 0 0 0 96 167 39 19 0 0 0 0 12 0 0 0 144 176 242 21 72 242 23 0 237 113 63 119 52 228 62 119 131 93 235 119 48 114 224 19 52 228 62 119 247 93 235 119 248 174 239 19 172 1 48 0 0 0 48 0 5 0 37 0 66 83 0 0 1 0 0 0 52 228 62 119 215 93 235 119 144 243 23 0 172 1 169 4 0 0 169 4 52 228 62 119 195 93 235 119 204 136 253 18 77 203 178 0 6 2 0 0 6 2 0 0 203 2 0 0 203 2 0 0 224 35 225 0 32 243 23 0 48 242 23 0 146 157 106 188 146 0 21 216 67 128 39 91 198 242 23 0 80 242 23 0 235 35 225 0 32 243 23 0 80 242 23 0 146 157 106 188 0 55 21 216 67 128 39 91 77 203 178 0 24 94 47 5 254 30 90 96 128 249 23 0 128 249 23 0 128 249 23 0 24 94 47 5 74 156 0 0 2 2 0 0 0 0 0 0 130 2 0 0 128 249 23 0 2 2 0 0 3 0 0 0 140 247 23 0 140 247 23 0 130 2 0 0 0 125 49 12 2 2 0 0 128 249 23 0 133 53 0 0 254 30 90]
選擇功能畫面
-----
任務高1
2019/01/21 19:47:09 [pkt] [071][0014][03F0][14 0 240 3 71 8 0 0 0 0 0 0 0 0 85 36 0 0]
2019/01/21 19:47:09 [pkt] [107][0010][03F0][10 0 240 3 107 7 0 0 0 0 3 0 0 0]
2019/01/21 19:47:09 [pkt] [096][0006][03F0][6 0 240 3 96 8 0 0 0 0]
2019/01/21 19:47:09 [???] [096][0006][03F0][6 0 240 3 96 8 0 0 0 0]
2019/01/21 19:47:10 [pkt] [135][0006][03F0][6 0 240 3 135 10 0 0 0 0]
2019/01/21 19:47:10 [???] [135][0006][03F0][6 0 240 3 135 10 0 0 0 0]
2019/01/21 19:47:10 [pkt] [105][0006][03F0][6 0 240 3 105 8 0 0 0 0]
2019/01/21 19:47:10 [???] [105][0006][03F0][6 0 240 3 105 8 0 0 0 0]
2019/01/21 19:47:10 [pkt] [037][0006][03F0][6 0 240 3 37 6 0 0 0 0]
2019/01/21 19:47:10 [???] [037][0006][03F0][6 0 240 3 37 6 0 0 0 0]
2019/01/21 19:47:10 [pkt] [014][0002][03F0][2 0 240 3 14 8]
2019/01/21 19:47:10 [???] [014][0002][03F0][2 0 240 3 14 8]
2019/01/21 19:47:12 [pkt] [073][0022][03F0][22 0 240 3 73 7 0 0 0 0 0 0 0 0 0 0 0 0 0 0 0 0 1 0 0 0]
----
訓練場page
2019/01/21 19:47:49 [pkt] [090][0010][03F0][10 0 240 3 90 9 0 0 0 0 5 0 0 0]
2019/01/21 19:47:50 [pkt] [034][0006][03F0][6 0 240 3 34 10 0 0 0 0]
2019/01/21 19:47:50 [pkt] [090][0010][03F0][10 0 240 3 90 9 0 0 0 0 5 0 0 0]
2019/01/21 19:47:59 [pkt] [090][0010][03F0][10 0 240 3 90 9 0 0 0 0 1 0 0 0]
2019/01/21 19:48:01 [pkt] [090][0010][03F0][10 0 240 3 90 9 0 0 0 0 2 0 0 0]
2019/01/21 19:48:02 [pkt] [090][0010][03F0][10 0 240 3 90 9 0 0 0 0 3 0 0 0]
2019/01/21 19:48:02 [pkt] [090][0010][03F0][10 0 240 3 90 9 0 0 0 0 4 0 0 0]
------
訓練場+exit
2019/01/21 19:52:12 [pkt] [096][0006][03F0][6 0 240 3 96 8 0 0 0 0]
2019/01/21 19:52:12 [???] [096][0006][03F0][6 0 240 3 96 8 0 0 0 0]
2019/01/21 19:52:12 [pkt] [235][0006][03F0][6 0 240 3 235 7 0 0 0 0]
2019/01/21 19:52:12 [???] [235][0006][03F0][6 0 240 3 235 7 0 0 0 0]
2019/01/21 19:52:12 [pkt] [135][0006][03F0][6 0 240 3 135 10 0 0 0 0]
2019/01/21 19:52:12 [???] [135][0006][03F0][6 0 240 3 135 10 0 0 0 0]
2019/01/21 19:52:12 [pkt] [105][0006][03F0][6 0 240 3 105 8 0 0 0 0]
2019/01/21 19:52:12 [???] [105][0006][03F0][6 0 240 3 105 8 0 0 0 0]
2019/01/21 19:52:12 [pkt] [037][0006][03F0][6 0 240 3 37 6 0 0 0 0]
2019/01/21 19:52:12 [???] [037][0006][03F0][6 0 240 3 37 6 0 0 0 0]
2019/01/21 19:52:14 [pkt] [014][0002][03F0][2 0 240 3 14 8]
2019/01/21 19:52:14 [???] [014][0002][03F0][2 0 240 3 14 8]
------
訓練場
2019/01/21 19:52:57 [pkt] [090][0010][03F0][10 0 240 3 90 9 0 0 0 0 5 0 0 0]
2019/01/21 19:52:57 [pkt] [034][0006][03F0][6 0 240 3 34 10 0 0 0 0]
2019/01/21 19:52:57 [pkt] [090][0010][03F0][10 0 240 3 90 9 0 0 0 0 5 0 0 0]
-----
exit
2019/01/21 19:54:06 [pkt] [096][0006][03F0][6 0 240 3 96 8 0 0 0 0]
2019/01/21 19:54:06 [???] [096][0006][03F0][6 0 240 3 96 8 0 0 0 0]
2019/01/21 19:54:06 [pkt] [235][0006][03F0][6 0 240 3 235 7 0 0 0 0]
2019/01/21 19:54:06 [???] [235][0006][03F0][6 0 240 3 235 7 0 0 0 0]
2019/01/21 19:54:06 [pkt] [135][0006][03F0][6 0 240 3 135 10 0 0 0 0]
2019/01/21 19:54:06 [???] [135][0006][03F0][6 0 240 3 135 10 0 0 0 0]
2019/01/21 19:54:06 [pkt] [105][0006][03F0][6 0 240 3 105 8 0 0 0 0]
2019/01/21 19:54:06 [???] [105][0006][03F0][6 0 240 3 105 8 0 0 0 0]
2019/01/21 19:54:06 [pkt] [037][0006][03F0][6 0 240 3 37 6 0 0 0 0]
2019/01/21 19:54:06 [???] [037][0006][03F0][6 0 240 3 37 6 0 0 0 0]
2019/01/21 19:54:07 [pkt] [014][0002][03F0][2 0 240 3 14 8]
2019/01/21 19:54:07 [???] [014][0002][03F0][2 0 240 3 14 8]

-----
keymap
2019/01/21 19:58:51 [???] [044][0058][03F0][58 0 240 3 44 6 0 0 0 0 17 1 31 1 32 1 30 1 16 1 18 1 57 1 42 1 29 1 0 2 1 2 33 1 2 2 15 1 2 1 3 1 4 1 5 1 6 1 46 1 0 0 0 0 0 0 0 0 0 0 0 0]
2019/01/21 19:58:51 [pkt] [111][0058][03F0][58 0 240 3 111 5 0 0 0 0 2 0 4 0 3 0 1 0 19 0 20 0 14 0 16 0 15 0 13 0 18 0 17 0 255 0 22 0 10 0 12 0 9 0 11 0 23 0 24 0 255 0 6 0 8 0 5 0 7 0 21 0]

