1301 F003 2406 7E08 
0100 0300 0000

[1]
[17]

08AE 0835 1916 01F9 
0300 0000 0000 0000 
0000 0000 0000 0000 
0000 0000 0000 0000 
0C00 0000 0200 0000 
|E988 0D|00 5046 0000  << 官階經驗
0C00 0000 0000 0000 
0000 0000 0000 0000 
0000 0000 E803 0000 
0000 0000 0000 0000 
0000 0000 0000 0000 
0000 A460 0000 0000 
0000 0000 0000 0000 
0000 0D00 0000 0000 
0000 2000 0000 0000 
0000 0000 0000 0000 
0000 0000 0000 0000 
0000 0000 0000 0000 
0000 0000 0000 0000 
0000 0000 0000 0000 
0000 0000 0000 FA44 
1300 0000 FF24 0100 
0000 0000 0000 0000 
0000 0000 0000 0000 
F4AE 0835 1916 01C4 
0AAA 3400 0010 0005 
42B3 1100 0100 0000 
0000 0000 0000 0000 
0000 0400 1477 2077 
2277 2377 0100 0000 
0000 007C EA00 00


